=== Maze Analysis ===

Algorithm        : A*
Maze size        : 32 x 32
Explored count   : 75
Shortest path length : 43
Total time       : 2.12 Seconds

Maze:
1 0 1 1 1 1 1 1 1 1 1 1 1 1 1 1 1 1 1 1 1 1 1 1 1 1 1 1 1 1 1 1
1 0 1 0 0 0 0 0 0 0 1 0 0 0 0 0 0 0 0 0 1 0 0 0 0 0 0 0 0 0 1 1
1 0 1 1 1 0 1 0 0 0 1 0 1 0 1 1 1 1 1 0 1 1 1 1 1 0 1 1 1 1 1 1
1 0 0 0 1 0 1 0 0 0 0 0 1 0 0 0 0 0 1 0 0 0 0 0 1 0 0 0 0 0 1 1
1 1 1 0 1 1 1 0 1 0 1 1 1 1 1 1 1 0 1 1 1 1 1 0 1 1 1 1 1 0 1 1
1 0 1 0 0 0 1 0 0 0 0 0 0 0 1 0 0 0 1 0 0 0 0 0 1 0 0 0 1 0 1 1
1 0 1 1 1 0 1 1 1 1 1 0 1 1 1 0 1 1 1 1 0 1 1 0 1 0 1 0 1 0 1 1
1 0 0 0 1 0 0 0 1 0 0 0 1 0 0 0 1 0 0 0 0 0 1 0 0 0 1 0 0 0 1 1
1 0 1 0 1 1 1 0 1 0 1 1 1 0 1 0 1 0 1 1 1 0 1 0 1 1 1 1 1 0 1 1
1 0 1 0 0 0 0 0 1 0 0 0 1 0 0 0 1 0 1 0 0 0 1 0 0 0 0 0 1 0 1 1
1 0 1 0 1 1 1 1 1 1 1 1 1 1 1 0 1 0 1 0 1 0 1 0 1 1 0 0 1 0 1 1
1 0 1 0 0 0 0 0 1 0 0 0 0 0 0 0 0 0 1 0 1 0 0 0 1 0 0 0 1 0 1 1
1 0 1 0 1 0 1 0 1 0 1 1 1 0 1 0 1 0 1 0 1 1 1 1 1 0 1 1 1 0 1 1
1 0 0 0 1 0 1 0 0 0 1 0 1 0 1 0 1 0 0 0 0 0 0 0 1 0 1 0 1 0 1 1
1 0 1 0 1 0 1 1 1 1 1 0 1 0 1 0 1 1 0 0 1 1 1 1 1 0 1 0 1 0 1 1
1 0 1 0 0 0 1 0 0 0 1 0 0 0 1 0 0 0 0 0 1 0 0 0 0 0 1 0 1 0 1 1
1 0 1 0 1 0 0 0 1 0 1 0 1 0 1 1 1 1 1 0 1 0 1 0 1 0 1 0 1 0 1 1
1 0 1 0 0 0 1 0 0 0 1 0 0 0 0 0 0 0 0 0 1 0 1 0 0 0 1 0 0 0 1 1
1 0 1 0 1 0 1 0 1 0 1 1 0 1 1 1 1 0 1 0 1 0 1 1 1 1 1 0 1 1 1 1
1 0 0 0 1 0 1 0 1 0 0 0 0 0 0 0 1 0 0 0 0 0 0 0 0 0 0 0 0 0 1 1
1 1 1 1 1 0 0 0 0 0 1 1 1 1 0 0 0 0 1 1 1 0 1 0 1 0 0 1 1 0 1 1
1 0 1 0 0 0 1 0 1 0 1 0 0 0 0 0 0 0 0 0 1 0 1 0 1 0 0 0 0 0 1 1
1 0 1 0 1 0 1 0 1 0 1 0 1 1 1 1 1 1 1 0 1 1 1 0 1 1 1 1 0 1 1 1
1 0 0 0 1 0 1 0 1 0 1 0 0 0 1 0 0 0 0 0 1 0 0 0 0 0 0 0 0 0 1 1
1 0 1 1 1 0 1 0 1 0 1 0 1 0 1 0 1 1 1 0 1 0 1 1 1 0 1 1 1 0 1 1
1 0 1 0 0 0 1 0 1 0 0 0 1 0 1 0 1 0 0 0 0 0 0 0 0 0 0 0 1 0 1 1
1 1 1 0 1 0 1 0 1 1 1 1 1 0 1 0 1 0 1 1 1 1 1 1 1 1 1 1 1 0 1 1
1 0 0 0 1 0 1 0 1 0 0 0 1 0 1 0 0 0 1 0 0 0 1 0 0 0 0 0 0 0 1 1
1 0 0 0 1 0 1 0 1 1 1 0 1 0 1 1 1 0 1 0 1 0 0 0 1 0 1 0 1 0 1 1
1 0 0 0 0 0 0 0 0 0 0 0 0 0 0 0 0 0 0 0 1 0 0 0 1 0 0 0 1 0 1 1
1 1 1 1 1 1 1 1 1 1 1 1 1 1 1 1 1 1 1 1 1 1 1 1 1 1 1 1 1 1 1 1
1 1 1 1 1 1 1 1 1 1 1 1 1 1 1 1 1 1 1 1 1 1 1 1 1 1 1 1 1 1 0 1

Explored Nodes:
(0, 0), (0, 1), (1, 1), (2, 1), (3, 1), (3, 2), (3, 3), (4, 3), (5, 3), (5, 4), (5, 5), (6, 5), (7, 5), (7, 6), (7, 7), (8, 7), (9, 7), (9, 6), (9, 5), (9, 4), (9, 3), (10, 3), (8, 3), (11, 3), (11, 4), (12, 3), (11, 5), (13, 3), (11, 6), (12, 5), (14, 3), (13, 2), (11, 7), (13, 5), (15, 3), (12, 7), (14, 5), (15, 4), (16, 3), (13, 7), (15, 5), (17, 3), (13, 8), (16, 5), (17, 4), (18, 3), (13, 9), (16, 6), (17, 5), (19, 3), (12, 9), (16, 7), (18, 5), (19, 2), (17, 7), (15, 7), (19, 5), (17, 8), (18, 7), (20, 5), (17, 9), (19, 7), (18, 9), (16, 9), (20, 7), (19, 9), (19, 10), (20, 9), (19, 11), (19, 12), (19, 13), (18, 12), (19, 14), (19, 15), (20, 14)

Shortest path Nodes:
(0, 0), (0, 1), (1, 1), (2, 1), (3, 1), (3, 2), (3, 3), (4, 3), (5, 3), (5, 4), (5, 5), (6, 5), (7, 5), (7, 6), (7, 7), (8, 7), (9, 7), (9, 6), (9, 5), (9, 4), (9, 3), (10, 3), (11, 3), (11, 4), (11, 5), (12, 5), (13, 5), (14, 5), (15, 5), (16, 5), (16, 6), (16, 7), (17, 7), (17, 8), (17, 9), (18, 9), (19, 9), (19, 10), (19, 11), (19, 12), (19, 13), (19, 14), (19, 15)