=== Maze Analysis ===

Algorithm        : BFS
Maze size        : 32 x 32
Explored count   : 173
Shortest path length : 43
Total time       : 5.17 Seconds

Maze:
1 0 1 1 1 1 1 1 1 1 1 1 1 1 1 1 1 1 1 1 1 1 1 1 1 1 1 1 1 1 1 1
1 0 1 0 0 0 0 0 0 0 1 0 0 0 0 0 0 0 0 0 1 0 0 0 0 0 0 0 0 0 1 1
1 0 1 1 1 0 1 0 0 0 1 0 1 0 1 1 1 1 1 0 1 1 1 1 1 0 1 1 1 1 1 1
1 0 0 0 1 0 1 0 0 0 0 0 1 0 0 0 0 0 1 0 0 0 0 0 1 0 0 0 0 0 1 1
1 1 1 0 1 1 1 0 1 0 1 1 1 1 1 1 1 0 1 1 1 1 1 0 1 1 1 1 1 0 1 1
1 0 1 0 0 0 1 0 0 0 0 0 0 0 1 0 0 0 1 0 0 0 0 0 1 0 0 0 1 0 1 1
1 0 1 1 1 0 1 1 1 1 1 0 1 1 1 0 1 1 1 1 0 1 1 0 1 0 1 0 1 0 1 1
1 0 0 0 1 0 0 0 1 0 0 0 1 0 0 0 1 0 0 0 0 0 1 0 0 0 1 0 0 0 1 1
1 0 1 0 1 1 1 0 1 0 1 1 1 0 1 0 1 0 1 1 1 0 1 0 1 1 1 1 1 0 1 1
1 0 1 0 0 0 0 0 1 0 0 0 1 0 0 0 1 0 1 0 0 0 1 0 0 0 0 0 1 0 1 1
1 0 1 0 1 1 1 1 1 1 1 1 1 1 1 0 1 0 1 0 1 0 1 0 1 1 0 0 1 0 1 1
1 0 1 0 0 0 0 0 1 0 0 0 0 0 0 0 0 0 1 0 1 0 0 0 1 0 0 0 1 0 1 1
1 0 1 0 1 0 1 0 1 0 1 1 1 0 1 0 1 0 1 0 1 1 1 1 1 0 1 1 1 0 1 1
1 0 0 0 1 0 1 0 0 0 1 0 1 0 1 0 1 0 0 0 0 0 0 0 1 0 1 0 1 0 1 1
1 0 1 0 1 0 1 1 1 1 1 0 1 0 1 0 1 1 0 0 1 1 1 1 1 0 1 0 1 0 1 1
1 0 1 0 0 0 1 0 0 0 1 0 0 0 1 0 0 0 0 0 1 0 0 0 0 0 1 0 1 0 1 1
1 0 1 0 1 0 0 0 1 0 1 0 1 0 1 1 1 1 1 0 1 0 1 0 1 0 1 0 1 0 1 1
1 0 1 0 0 0 1 0 0 0 1 0 0 0 0 0 0 0 0 0 1 0 1 0 0 0 1 0 0 0 1 1
1 0 1 0 1 0 1 0 1 0 1 1 0 1 1 1 1 0 1 0 1 0 1 1 1 1 1 0 1 1 1 1
1 0 0 0 1 0 1 0 1 0 0 0 0 0 0 0 1 0 0 0 0 0 0 0 0 0 0 0 0 0 1 1
1 1 1 1 1 0 0 0 0 0 1 1 1 1 0 0 0 0 1 1 1 0 1 0 1 0 0 1 1 0 1 1
1 0 1 0 0 0 1 0 1 0 1 0 0 0 0 0 0 0 0 0 1 0 1 0 1 0 0 0 0 0 1 1
1 0 1 0 1 0 1 0 1 0 1 0 1 1 1 1 1 1 1 0 1 1 1 0 1 1 1 1 0 1 1 1
1 0 0 0 1 0 1 0 1 0 1 0 0 0 1 0 0 0 0 0 1 0 0 0 0 0 0 0 0 0 1 1
1 0 1 1 1 0 1 0 1 0 1 0 1 0 1 0 1 1 1 0 1 0 1 1 1 0 1 1 1 0 1 1
1 0 1 0 0 0 1 0 1 0 0 0 1 0 1 0 1 0 0 0 0 0 0 0 0 0 0 0 1 0 1 1
1 1 1 0 1 0 1 0 1 1 1 1 1 0 1 0 1 0 1 1 1 1 1 1 1 1 1 1 1 0 1 1
1 0 0 0 1 0 1 0 1 0 0 0 1 0 1 0 0 0 1 0 0 0 1 0 0 0 0 0 0 0 1 1
1 0 0 0 1 0 1 0 1 1 1 0 1 0 1 1 1 0 1 0 1 0 0 0 1 0 1 0 1 0 1 1
1 0 0 0 0 0 0 0 0 0 0 0 0 0 0 0 0 0 0 0 1 0 0 0 1 0 0 0 1 0 1 1
1 1 1 1 1 1 1 1 1 1 1 1 1 1 1 1 1 1 1 1 1 1 1 1 1 1 1 1 1 1 1 1
1 1 1 1 1 1 1 1 1 1 1 1 1 1 1 1 1 1 1 1 1 1 1 1 1 1 1 1 1 1 0 1

Explored Nodes:
(0, 0), (0, 1), (1, 1), (2, 1), (3, 1), (3, 2), (3, 3), (4, 3), (5, 3), (5, 4), (5, 5), (6, 5), (7, 5), (7, 6), (7, 7), (8, 7), (9, 7), (9, 6), (9, 5), (9, 4), (9, 3), (10, 3), (8, 3), (11, 3), (7, 3), (11, 4), (12, 3), (7, 2), (11, 5), (13, 3), (7, 1), (11, 6), (12, 5), (14, 3), (13, 2), (8, 1), (6, 1), (11, 7), (13, 5), (15, 3), (13, 1), (9, 1), (5, 1), (12, 7), (14, 5), (15, 4), (16, 3), (14, 1), (12, 1), (10, 1), (13, 7), (15, 5), (17, 3), (15, 1), (11, 1), (13, 8), (16, 5), (17, 4), (18, 3), (16, 1), (13, 9), (16, 6), (17, 5), (19, 3), (17, 1), (12, 9), (16, 7), (18, 5), (19, 2), (18, 1), (11, 9), (17, 7), (15, 7), (19, 5), (19, 1), (11, 10), (17, 8), (18, 7), (15, 8), (20, 5), (11, 11), (17, 9), (19, 7), (15, 9), (20, 6), (21, 5), (11, 12), (18, 9), (16, 9), (20, 7), (22, 5), (21, 4), (11, 13), (19, 9), (20, 8), (21, 7), (23, 5), (21, 3), (11, 14), (12, 13), (19, 10), (20, 9), (22, 7), (24, 5), (22, 3), (11, 15), (13, 13), (19, 11), (21, 9), (23, 7), (25, 5), (23, 3), (11, 16), (12, 15), (10, 15), (14, 13), (19, 12), (22, 9), (24, 7), (26, 5), (25, 4), (23, 2), (11, 17), (13, 15), (9, 15), (15, 13), (19, 13), (18, 12), (23, 9), (25, 7), (27, 5), (25, 3), (23, 1), (12, 17), (10, 17), (14, 15), (9, 14), (8, 15), (16, 13), (15, 12), (19, 14), (17, 12), (24, 9), (26, 7), (28, 5), (26, 3), (24, 1), (22, 1), (13, 17), (9, 17), (15, 15), (9, 13), (7, 15), (17, 13), (15, 11), (19, 15), (20, 14), (17, 11), (25, 9), (27, 7), (29, 5), (27, 3), (25, 1), (21, 1), (13, 18), (8, 17), (15, 16), (8, 13), (7, 14), (6, 15), (17, 14), (16, 11), (14, 11)

Shortest path Nodes:
(0, 0), (0, 1), (1, 1), (2, 1), (3, 1), (3, 2), (3, 3), (4, 3), (5, 3), (5, 4), (5, 5), (6, 5), (7, 5), (7, 6), (7, 7), (8, 7), (9, 7), (9, 6), (9, 5), (9, 4), (9, 3), (10, 3), (11, 3), (11, 4), (11, 5), (12, 5), (13, 5), (14, 5), (15, 5), (16, 5), (16, 6), (16, 7), (17, 7), (17, 8), (17, 9), (18, 9), (19, 9), (19, 10), (19, 11), (19, 12), (19, 13), (19, 14), (19, 15)